1
5
7
9
11
13
15
17
18
19
20
21
22
23
25
37
39
42
43
49
50
53
63
67
68
69
70
71
72
73
79
80
88
94
95
98
101
102
105
106
107
109
110
111
113
115
117
119
123
137
138
139
143
161
162
163
164
174
177
178
179
191
192
194
199
201
202
204
206
209
210
213
220
245
311
312
347
363
369
370
372
389
427
434
435
443
444
445
464
465
468
487
488
496
500
512
513
514
515
517
518
519
520
521
525
526
530
531
532
533
535
538
540
543
544
546
547
548
554
556
563
565
587
610
611
612
616
623
625
626
631
636
660
674
687
694
749
750
751
752
754
760
765
767
808
871
873
901
953
985
992
993
994
995
1080
1085
1099
1109
1127
1178
1220
1236
1300
1313
1433
1434
1494
1512
1524
1525
1529
1640
1645
1646
1649
1701
1718
1719
1720
1723
1758
1759
1789
1812
1813
1900
1911
1985
1986
1997
2000
2003
2049
2053
2102
2103
2104
2105
2150
2195
2196
2197
2336
2401
2430
2431
2432
2433
2600
2601
2602
2603
2604
2605
2606
2809
2988
3004
3031
3055
3128
3130
3283
3284
3306
3346
3389
3455
3689
4011
4321
4444
4557
4559
5002
5040
5190
5222
5223
5228
5232
5269
5297
5298
5308
5350
5351
5353
5354
5355
5357
5432
5680
5897
5898
5900
5988
5999
6000
6010
6667
6969
7000
7001
7002
7003
7004
7005
7006
7007
7008
7009
7070
7100
7666
7680
8005
8008
8043
8080
8081
8085
8086
8087
8088
8089
8096
8170
8171
8175
8443
8800
8821
8826
8843
8891
9006
9100
9359
9418
9876
10080
10081
10082
10083
10548
11211
11371
11720
13720
13721
13722
13724
13782
13783
16080
16384
16385
16386
16387
20011
20012
22273
22289
22305
22321
24554
26000
26208
27374
33434
50003
50006
50080
60177
60179